---
layout: post
date: 2024-07-16 15:59:00-0400
title: Practice Talk Zoom Info
date: 2024-07-16 13:01:00
description: Zoom info!
inline: False
related_posts: false
---

I appreciate you all!

Nick Reilly - UR is inviting you to a scheduled Zoom meeting.

Topic: Nick's Practice Defense
Time: Jul 16, 2024 01:00 PM Eastern Time (US and Canada)
Every week on Tue, 2 occurrence(s)
Jul 16, 2024 01:00 PM
Jul 23, 2024 01:00 PM
Please download and import the following iCalendar (.ics) files to your calendar system.
Weekly: https://rochester.zoom.us/meeting/tJEscuGvrT8rGtabCinWa561HN6JQ89u3SY3/ics?icsToken=98tyKuCtrz4iHdeRsRmFRowMBY_4We3ztilcjbdcnjzsDRdSN1WnHswUGIMnSc2D

Join Zoom Meeting
https://rochester.zoom.us/j/95158734102?pwd=bUxaWdWOHSnul5z1DRzwVooIZyep1e.1

Meeting ID: 951 5873 4102
Passcode: 429782

---

One tap mobile
+16468769923,,95158734102#,,,,*429782# US (New York)
+16469313860,,95158734102#,,,,*429782# US

---

Dial by your location
• +1 646 876 9923 US (New York)
• +1 646 931 3860 US
• +1 309 205 3325 US
• +1 312 626 6799 US (Chicago)
• +1 301 715 8592 US (Washington DC)
• +1 305 224 1968 US
• +1 669 900 6833 US (San Jose)
• +1 689 278 1000 US
• +1 719 359 4580 US
• +1 253 205 0468 US
• +1 253 215 8782 US (Tacoma)
• +1 346 248 7799 US (Houston)
• +1 360 209 5623 US
• +1 386 347 5053 US
• +1 507 473 4847 US
• +1 564 217 2000 US
• +1 669 444 9171 US

Meeting ID: 951 5873 4102
Passcode: 429782

Find your local number: https://rochester.zoom.us/u/adqelqKz87

---

Join by SIP
• 95158734102@zoomcrc.com

---

Join by H.323
• 162.255.37.11 (US West)
• 162.255.36.11 (US East)
• 115.114.131.7 (India Mumbai)
• 115.114.115.7 (India Hyderabad)
• 213.19.144.110 (Amsterdam Netherlands)
• 213.244.140.110 (Germany)
• 103.122.166.55 (Australia Sydney)
• 103.122.167.55 (Australia Melbourne)
• 149.137.40.110 (Singapore)
• 64.211.144.160 (Brazil)
• 159.124.132.243 (Mexico)
• 159.124.168.213 (Canada Toronto)
• 65.39.152.160 (Canada Vancouver)
• 207.226.132.110 (Japan Tokyo)
• 149.137.24.110 (Japan Osaka)

Meeting ID: 951 5873 4102
Passcode: 429782

<!--

Personal Room::


<li class="masthead__menu-item">
    <a href="https://rochester.zoom.us/my/nicksroom.ur">Nick's Personal Room</a>
</li>

and if you have trouble, let me know!


Defense Specific Room?


Nick Reilly - UR is inviting you to a scheduled Zoom meeting.

Topic: Nick's Defense
Time: Jul 19, 2024 02:00 PM Eastern Time (US and Canada)

Join Zoom Meeting
https://rochester.zoom.us/j/99469179587?pwd=MzZkUHFlNEdMOVQzcWFqRzFPYjJHZz09

Meeting ID: 994 6917 9587
Passcode: 812491

---

One tap mobile
+16469313860,,99469179587#,,,,*812491# US
+16468769923,,99469179587#,,,,*812491# US (New York)

---

Dial by your location
• +1 646 931 3860 US
• +1 646 876 9923 US (New York)
• +1 305 224 1968 US
• +1 309 205 3325 US
• +1 312 626 6799 US (Chicago)
• +1 301 715 8592 US (Washington DC)
• +1 360 209 5623 US
• +1 386 347 5053 US
• +1 507 473 4847 US
• +1 564 217 2000 US
• +1 669 444 9171 US
• +1 669 900 6833 US (San Jose)
• +1 689 278 1000 US
• +1 719 359 4580 US
• +1 253 205 0468 US
• +1 253 215 8782 US (Tacoma)
• +1 346 248 7799 US (Houston)

Meeting ID: 994 6917 9587
Passcode: 812491

Find your local number: https://rochester.zoom.us/u/abmgOQVwkM

---

Join by SIP
• 99469179587@zoomcrc.com

---

Join by H.323
• 162.255.37.11 (US West)
• 162.255.36.11 (US East)
• 115.114.131.7 (India Mumbai)
• 115.114.115.7 (India Hyderabad)
• 213.19.144.110 (Amsterdam Netherlands)
• 213.244.140.110 (Germany)
• 103.122.166.55 (Australia Sydney)
• 103.122.167.55 (Australia Melbourne)
• 149.137.40.110 (Singapore)
• 64.211.144.160 (Brazil)
• 149.137.68.253 (Mexico)
• 69.174.57.160 (Canada Toronto)
• 65.39.152.160 (Canada Vancouver)
• 207.226.132.110 (Japan Tokyo)
• 149.137.24.110 (Japan Osaka)

Meeting ID: 994 6917 9587
Passcode: 812491



-->
